INFO : 2020/12/17 22:07:02.664990 database.go:52: Init database finished fine
ERROR: 2020/12/17 22:07:02.665074 main.go:103: read ./: is a directory
INFO : 2020/12/17 22:07:02.665199 main.go:56: Start TCP server at :3555
INFO : 2020/12/17 22:13:50.644032 main.go:121: Operation system kill server
INFO : 2020/12/17 22:13:50.644320 main.go:85: Can not accept connection, accept tcp [::]:3555: use of closed network connection
INFO : 2020/12/17 22:13:50.644378 main.go:117: Finish tcp service
