INFO : 2020/12/18 17:29:48.647556 database.go:52: Init database finished fine
ERROR: 2020/12/18 17:29:48.649057 main.go:103: read ./: is a directory
INFO : 2020/12/18 17:29:48.649589 main.go:56: Start TCP server at :3555
INFO : 2020/12/18 17:29:50.432178 main.go:121: Operation system kill server
INFO : 2020/12/18 17:29:50.432664 main.go:85: Can not accept connection, accept tcp [::]:3555: use of closed network connection
